4,3
2,3
1,3
0,554
0,324
0,9
0,1
0,0
0,389
0,300
0,317
0,299
0,345
0,298
0,575
0,297
0,330
0,296
0,409
0,295
0,397
0,294
0,443
0,293
0,329
0,292
0,326
0,291
0,385
0,290
0,320
0,289
0,357
0,288
0,351
0,287
0,334
0,286
0,426
0,285
0,349
0,284
0,442
0,283
0,388
0,282
0,421
0,281
0,387
0,280
0,411
0,279
0,408
0,278
0,348
0,277
0,384
0,276
0,407
0,275
0,572
0,274
0,402
0,273
0,342
0,272
0,325
0,271
0,309
0,270
0,269
0,422
0,268
0,328
0,267
0,392
0,266
0,341
0,265
0,430
0,264
0,336
0,263
0,429
0,262
0,440
0,261
0,350
0,260
0,566
0,259
0,419
0,258
0,257
0,434
0,256
0,439
0,255
0,413
0,254
0,428
0,253
0,356
0,252
0,391
0,251
0,333
0,250
0,249
0,301
0,248
0,420
0,247
0,319
0,246
0,404
0,245
0,438
0,244
0,418
0,242
0,574
0,241
0,447
0,240
0,394
0,239
0,425
0,238
0,401
0,237
0,423
0,236
0,563
0,235
0,437
0,234
0,344
0,233
0,307
0,232
0,347
0,231
0,400
0,230
0,355
0,229
0,441
0,228
0,417
0,227
0,399
0,226
0,416
0,225
0,390
0,224
0,340
0,223
0,570
0,222
0,354
0,221
0,415
0,220
0,335
0,219
0,308
0,218
0,321
0,217
0,343
0,363
0,216
0,393
0,215
0,433
0,214
0,436
0,213
0,398
0,212
0,352
0,211
0,358
0,210
0,435
0,209
0,353
0,208
0,312
0,360
0,207
0,396
0,206
0,339
0,205
0,359
0,204
0,427
0,203
0,414
0,202
0,322
0,201
0,338
0,200
0,346
0,199
0,446
0,198
0,316
0,197
0,315
0,196
0,386
0,195
0,327
0,194
0,445
0,193
0,424
0,192
0,331
0,63
0,569
0,62
0,395
0,61
0,406
0,60
0,314
0,59
0,403
0,58
0,431
0,57
0,311
0,362
0,56
0,412
0,55
0,432
0,54
0,573
0,53
0,410
0,52
0,318
0,51
0,444
0,50
0,361
0,49
0,568
0,48
0,337
0,47
0,323
0,46
0,332
0,45
0,405
0,6
0,5
0,304
0,303
0,306
0,305
0,302
0,12
0,553
0,10
0,8
0,11
0,4
0,2
0,3
0,7
